411.024 416.347 15.0584
-328.453 429.184 209.372
-300.967 455.217 260.309
411.024 416.347 15.0584
413.67 459.851 186.486
-300.967 455.217 260.309
411.024 416.347 15.0584
413.67 459.851 186.486
-500 416.501 240.906
416.71 419.683 2.49074
413.67 459.851 186.486
-500 416.501 240.906
416.71 419.683 2.49074
389.042 410.144 135.113
413.378 202.478 224.595
416.71 419.683 2.49074
389.042 410.144 135.113
413.378 202.478 224.595
416.71 419.683 2.49074
389.042 410.144 135.113
435.269 388.543 149.719
416.71 419.683 2.49074
389.042 410.144 135.113
435.269 388.543 149.719
416.71 419.683 2.49074
436.975 419.283 32.4757
435.269 388.543 149.719
416.71 419.683 2.49074
436.975 419.283 32.4757
-300.333 406.97 143.397
416.71 419.683 2.49074
436.975 419.283 32.4757
-300.333 406.97 143.397
416.71 419.683 2.49074
436.975 419.283 32.4757
-300.333 406.97 143.397
416.71 419.683 2.49074
436.975 419.283 32.4757
400.465 437.064 83.9762
416.71 419.683 2.49074
436.975 419.283 32.4757
400.465 437.064 83.9762
416.71 419.683 2.49074
436.975 419.283 32.4757
400.465 437.064 83.9762
416.71 419.683 2.49074
436.975 419.283 32.4757
400.465 437.064 83.9762
416.71 419.683 2.49074
436.975 419.283 32.4757
400.465 437.064 83.9762
416.71 419.683 2.49074
429.195 427.045 13.1992
400.465 437.064 83.9762
416.71 419.683 2.49074
429.195 427.045 13.1992
435.802 435.722 54.9434
416.71 419.683 2.49074
420.253 413.662 6.76356
435.802 435.722 54.9434
416.71 419.683 2.49074
420.253 413.662 6.76356
435.802 435.722 54.9434
416.71 419.683 2.49074
420.253 413.662 6.76356
435.802 435.722 54.9434
416.71 419.683 2.49074
420.253 413.662 6.76356
421.974 428.545 7.37065
416.71 419.683 2.49074
420.253 413.662 6.76356
421.974 428.545 7.37065
416.71 419.683 2.49074
420.253 413.662 6.76356
421.974 428.545 7.37065
416.71 419.683 2.49074
420.253 413.662 6.76356
421.974 428.545 7.37065
416.71 419.683 2.49074
420.253 413.662 6.76356
421.974 428.545 7.37065
416.71 419.683 2.49074
420.253 413.662 6.76356
421.974 428.545 7.37065
416.71 419.683 2.49074
420.253 413.662 6.76356
421.974 428.545 7.37065
416.71 419.683 2.49074
420.253 413.662 6.76356
421.974 428.545 7.37065
416.71 419.683 2.49074
420.253 413.662 6.76356
421.974 428.545 7.37065
416.71 419.683 2.49074
420.253 413.662 6.76356
421.974 428.545 7.37065
416.71 419.683 2.49074
420.253 413.662 6.76356
421.974 428.545 7.37065
416.71 419.683 2.49074
420.253 413.662 6.76356
421.974 428.545 7.37065
416.71 419.683 2.49074
420.253 413.662 6.76356
421.974 428.545 7.37065
416.71 419.683 2.49074
420.253 413.662 6.76356
421.974 428.545 7.37065
419.047 417.754 1.76783
420.253 413.662 6.76356
421.974 428.545 7.37065
419.047 417.754 1.76783
420.253 413.662 6.76356
421.974 428.545 7.37065
419.047 417.754 1.76783
422.317 425.222 2.51371
421.974 428.545 7.37065
419.047 417.754 1.76783
422.317 425.222 2.51371
421.974 428.545 7.37065
419.047 417.754 1.76783
422.317 425.222 2.51371
417.629 425.036 3.49447
419.047 417.754 1.76783
422.317 425.222 2.51371
417.629 425.036 3.49447
419.047 417.754 1.76783
422.317 425.222 2.51371
417.629 425.036 3.49447
419.047 417.754 1.76783
422.317 425.222 2.51371
417.629 425.036 3.49447
422.068 423.656 1.06422
422.317 425.222 2.51371
423.337 425.059 2.8211
422.068 423.656 1.06422
422.317 425.222 2.51371
423.337 425.059 2.8211
418.638 420.468 0.716465
422.317 425.222 2.51371
423.337 425.059 2.8211
421.813 422.373 0.338843
422.523 422.939 0.795171
423.337 425.059 2.8211
420.869 421.385 0.0231888
421.625 422.773 0.465338
422.892 422.545 0.780701
420.869 421.385 0.0231888
421.348 421.727 0.0906384
419.597 422.71 0.619955
