-32.768 -32.768 2.47596
-32.768 -32.7024 2.43587
-32.768 -32.6368 2.39528
-32.768 -32.5712 2.35441
-32.768 -32.5056 2.3135
-32.768 -32.44 2.27281
-32.768 -32.3744 2.23259
-32.768 -32.3088 2.19315
-32.768 -32.2432 2.15477
-32.768 -32.1776 2.11775
-32.768 -32.112 2.08241
-32.768 -32.0464 2.04904
-32.768 -31.9808 2.01795
-32.768 -31.9152 1.98943
-32.768 -31.8496 1.96374
-32.768 -31.784 1.94114
-32.768 -31.7184 1.92186
-32.768 -31.6528 1.9061
-32.768 -31.5872 1.89402
-32.768 -31.5216 1.88574
-32.768 -31.456 1.88136
-32.768 -31.3904 1.88093
-32.768 -31.3248 1.88444
-32.768 -31.2592 1.89186
-32.768 -31.1936 1.90311
-32.768 -31.128 1.91807
-32.768 -31.0624 1.93659
-32.768 -30.9968 1.95847
-32.768 -30.9312 1.9835
-32.768 -30.8656 2.01142
-32.768 -30.8 2.04197
-32.768 -30.7344 2.07485
-32.768 -30.6688 2.10979
-32.768 -30.6032 2.14646
-32.768 -30.5376 2.18457
-32.768 -30.472 2.2238
-32.768 -30.4064 2.26387
-32.768 -30.3408 2.30448
-32.768 -30.2752 2.34537
-32.768 -30.2095 2.38627
-32.768 -30.1439 2.42693
-32.768 -30.0783 2.46715
-32.768 -30.0127 2.50672
-32.768 -29.9471 2.54546
-32.768 -29.8815 2.58321
-32.768 -29.8159 2.61983
-32.768 -29.7503 2.65521
-32.768 -29.6847 2.68923
-32.768 -29.6191 2.72182
-32.768 -29.5535 2.75292
-32.768 -29.4879 2.78246
-32.768 -29.4223 2.81042
-32.768 -29.3567 2.83677
-32.768 -29.2911 2.86149
-32.768 -29.2255 2.88457
-32.768 -29.1599 2.90601
-32.768 -29.0943 2.92583
-32.768 -29.0287 2.94403
-32.768 -28.9631 2.96062
-32.768 -28.8975 2.97562
-32.768 -28.8319 2.98906
-32.768 -28.7663 3.00094
-32.768 -28.7007 3.01129
-32.768 -28.6351 3.02013
-32.768 -28.5695 3.02747
-32.768 -28.5039 3.03332
-32.768 -28.4383 3.0377
-32.768 -28.3727 3.04061
-32.768 -28.3071 3.04206
-32.768 -28.2415 3.04206
-32.768 -28.1759 3.04061
-32.768 -28.1103 3.03769
-32.768 -28.0447 3.03331
-32.768 -27.9791 3.02746
-32.768 -27.9135 3.02012
-32.768 -27.8479 3.01129
-32.768 -27.7823 3.00094
-32.768 -27.7167 2.98905
-32.768 -27.6511 2.97561
-32.768 -27.5855 2.96061
-32.768 -27.5199 2.94401
-32.768 -27.4543 2.92581
-32.768 -27.3887 2.906
-32.768 -27.3231 2.88455
-32.768 -27.2575 2.86147
-32.768 -27.1919 2.83675
-32.768 -27.1263 2.8104
-32.768 -27.0607 2.78244
-32.768 -26.9951 2.75289
-32.768 -26.9295 2.7218
-32.768 -26.8639 2.6892
-32.768 -26.7983 2.65518
-32.768 -26.7327 2.61981
-32.768 -26.6671 2.58319
-32.768 -26.6015 2.54544
-32.768 -26.5359 2.5067
-32.768 -26.4703 2.46712
-32.768 -26.4047 2.4269
-32.768 -26.3391 2.38623
-32.768 -26.2735 2.34534
-32.768 -26.2079 2.30445
-32.768 -26.1423 2.26384
-32.768 -26.0767 2.22377
-32.768 -26.0111 2.18454
-32.768 -25.9455 2.14643
-32.768 -25.8799 2.10976
-32.768 -25.8143 2.07483
-32.768 -25.7487 2.04194
-32.768 -25.6831 2.0114
-32.768 -25.6175 1.98348
-32.768 -25.5519 1.95845
-32.768 -25.4863 1.93657
-32.768 -25.4207 1.91806
-32.768 -25.355 1.9031
-32.768 -25.2894 1.89185
-32.768 -25.2238 1.88443
-32.768 -25.1582 1.88092
-32.768 -25.0926 1.88136
-32.768 -25.027 1.88575
-32.768 -24.9614 1.89402
-32.768 -24.8958 1.90611
-32.768 -24.8302 1.92188
-32.768 -24.7646 1.94116
-32.768 -24.699 1.96376
-32.768 -24.6334 1.98945
-32.768 -24.5678 2.01797
-32.768 -24.5022 2.04907
-32.768 -24.4366 2.08243
-32.768 -24.371 2.11778
-32.768 -24.3054 2.15479
-32.768 -24.2398 2.19318
-32.768 -24.1742 2.23262
-32.768 -24.1086 2.27284
-32.768 -24.043 2.31353
-32.768 -23.9774 2.35444
-32.768 -23.9118 2.39531
-32.768 -23.8462 2.4359
-32.768 -23.7806 2.47599
-32.768 -23.715 2.51539
-32.768 -23.6494 2.55392
-32.768 -23.5838 2.59143
-32.768 -23.5182 2.62779
-32.768 -23.4526 2.66287
-32.768 -23.387 2.69658
-32.768 -23.3214 2.72885
-32.768 -23.2558 2.7596
-32.768 -23.1902 2.7888
-32.768 -23.1246 2.8164
-32.768 -23.059 2.84239
-32.768 -22.9934 2.86674
-32.768 -22.9278 2.88946
-32.768 -22.8622 2.91055
-32.768 -22.7966 2.93
-32.768 -22.731 2.94784
-32.768 -22.6654 2.96408
-32.768 -22.5998 2.97874
-32.768 -22.5342 2.99183
-32.768 -22.4686 3.00337
-32.768 -22.403 3.01338
-32.768 -22.3374 3.02189
-32.768 -22.2718 3.02889
-32.768 -22.2062 3.03442
-32.768 -22.1406 3.03847
-32.768 -22.075 3.04106
-32.768 -22.0094 3.04219
-32.768 -21.9438 3.04187
-32.768 -21.8782 3.04009
-32.768 -21.8126 3.03685
-32.768 -21.747 3.03214
-32.768 -21.6814 3.02596
-32.768 -21.6158 3.0183
-32.768 -21.5502 3.00912
-32.768 -21.4846 2.99843
-32.768 -21.419 2.98621
-32.768 -21.3534 2.97242
-32.768 -21.2878 2.95707
-32.768 -21.2222 2.94012
-32.768 -21.1566 2.92156
-32.768 -21.091 2.90138
-32.768 -21.0254 2.87957
-32.768 -20.9598 2.85613
-32.768 -20.8942 2.83105
-32.768 -20.8286 2.80434
-32.768 -20.763 2.77603
-32.768 -20.6974 2.74613
-32.768 -20.6318 2.7147
-32.768 -20.5662 2.68178
-32.768 -20.5005 2.64745
-32.768 -20.4349 2.61179
-32.768 -20.3693 2.57491
-32.768 -20.3037 2.53693
-32.768 -20.2381 2.49799
-32.768 -20.1725 2.45826
-32.768 -20.1069 2.41792
-32.768 -20.0413 2.37718
-32.768 -19.9757 2.33626
-32.768 -19.9101 2.29542
-32.768 -19.8445 2.2549
-32.768 -19.7789 2.21499
-32.768 -19.7133 2.17598
-32.768 -19.6477 2.13817
-32.768 -19.5821 2.10185
-32.768 -19.5165 2.06735
-32.768 -19.4509 2.03496
-32.768 -19.3853 2.00497
-32.768 -19.3197 1.97767
-32.768 -19.2541 1.95332
-32.768 -19.1885 1.93217
-32.768 -19.1229 1.91443
-32.768 -19.0573 1.90028
-32.768 -18.9917 1.88987
-32.768 -18.9261 1.88332
-32.768 -18.8605 1.88068
-32.768 -18.7949 1.882
-32.768 -18.7293 1.88725
-32.768 -18.6637 1.89638
-32.768 -18.5981 1.90929
-32.768 -18.5325 1.92585
-32.768 -18.4669 1.94589
-32.768 -18.4013 1.96919
-32.768 -18.3357 1.99554
-32.768 -18.2701 2.02466
-32.768 -18.2045 2.05628
-32.768 -18.1389 2.09011
-32.768 -18.0733 2.12585
-32.768 -18.0077 2.1632
-32.768 -17.9421 2.20184
-32.768 -17.8765 2.24148
-32.768 -17.8109 2.28183
-32.768 -17.7453 2.32259
-32.768 -17.6797 2.36352
-32.768 -17.6141 2.40434
-32.768 -17.5485 2.44484
-32.768 -17.4829 2.48479
-32.768 -17.4173 2.52401
-32.768 -17.3517 2.56233
-32.768 -17.2861 2.5996
-32.768 -17.2205 2.63568
-32.768 -17.1549 2.67046
-32.768 -17.0893 2.70386
-32.768 -17.0237 2.7358
-32.768 -16.9581 2.76621
-32.768 -16.8925 2.79506
-32.768 -16.8269 2.8223
-32.768 -16.7613 2.84793
-32.768 -16.6957 2.87192
-32.768 -16.6301 2.89428
-32.768 -16.5645 2.915
-32.768 -16.4989 2.9341
-32.768 -16.4333 2.95158
-32.768 -16.3677 2.96747
-32.768 -16.3021 2.98177
-32.768 -16.2365 2.99452
-32.768 -16.1709 3.00572
-32.768 -16.1053 3.0154
-32.768 -16.0397 3.02357
-32.768 -15.9741 3.03024
-32.768 -15.9085 3.03544
-32.768 -15.8429 3.03917
-32.768 -15.7773 3.04143
-32.768 -15.7117 3.04224
-32.768 -15.646 3.0416
-32.768 -15.5804 3.0395
-32.768 -15.5148 3.03593
-32.768 -15.4492 3.0309
-32.768 -15.3836 3.02439
-32.768 -15.318 3.01639
-32.768 -15.2524 3.00689
-32.768 -15.1868 2.99586
-32.768 -15.1212 2.98328
-32.768 -15.0556 2.96915
-32.768 -14.99 2.95345
-32.768 -14.9244 2.93614
-32.768 -14.8588 2.91723
-32.768 -14.7932 2.89669
-32.768 -14.7276 2.87452
-32.768 -14.662 2.85071
-32.768 -14.5964 2.82527
-32.768 -14.5308 2.7982
-32.768 -14.4652 2.76953
-32.768 -14.3996 2.73929
-32.768 -14.334 2.70753
-32.768 -14.2684 2.67429
-32.768 -14.2028 2.63966
-32.768 -14.1372 2.60372
-32.768 -14.0716 2.56658
-32.768 -14.006 2.52837
-32.768 -13.9404 2.48924
-32.768 -13.8748 2.44936
-32.768 -13.8092 2.40891
-32.768 -13.7436 2.36811
-32.768 -13.678 2.32719
-32.768 -13.6124 2.28639
-32.768 -13.5468 2.24599
-32.768 -13.4812 2.20625
-32.768 -13.4156 2.16748
-32.768 -13.35 2.12998
-32.768 -13.2844 2.09404
-32.768 -13.2188 2.05998
-32.768 -13.1532 2.02809
-32.768 -13.0876 1.99868
-32.768 -13.022 1.97201
-32.768 -12.9564 1.94835
-32.768 -12.8908 1.92794
-32.768 -12.8252 1.91098
-32.768 -12.7596 1.89764
-32.768 -12.694 1.88808
-32.768 -12.6284 1.88239
-32.768 -12.5628 1.88063
-32.768 -12.4972 1.88282
-32.768 -12.4316 1.88894
-32.768 -12.366 1.89892
-32.768 -12.3004 1.91266
-32.768 -12.2348 1.93
-32.768 -12.1692 1.95078
-32.768 -12.1036 1.97478
-32.768 -12.038 2.00176
-32.768 -11.9724 2.03146
-32.768 -11.9068 2.0636
-32.768 -11.8412 2.09788
-32.768 -11.7756 2.134
-32.768 -11.71 2.17166
-32.768 -11.6444 2.21055
-32.768 -11.5788 2.25038
-32.768 -11.5132 2.29084
-32.768 -11.4476 2.33166
-32.768 -11.382 2.37258
-32.768 -11.3164 2.41335
-32.768 -11.2508 2.45375
-32.768 -11.1852 2.49356
-32.768 -11.1196 2.53259
-32.768 -11.054 2.57069
-32.768 -10.9884 2.6077
-32.768 -10.9228 2.64351
-32.768 -10.8572 2.67799
-32.768 -10.7915 2.71107
-32.768 -10.7259 2.74267
-32.768 -10.6603 2.77274
-32.768 -10.5947 2.80124
-32.768 -10.5291 2.82813
-32.768 -10.4635 2.85339
-32.768 -10.3979 2.87702
-32.768 -10.3323 2.89901
-32.768 -10.2667 2.91937
-32.768 -10.2011 2.93811
-32.768 -10.1355 2.95524
-32.768 -10.0699 2.97078
-32.768 -10.0043 2.98473
-32.768 -9.93873 2.99714
-32.768 -9.87313 3.008
-32.768 -9.80753 3.01734
-32.768 -9.74193 3.02518
-32.768 -9.67633 3.03152
-32.768 -9.61073 3.03639
-32.768 -9.54512 3.0398
-32.768 -9.47952 3.04174
-32.768 -9.41392 3.04223
-32.768 -9.34832 3.04126
-32.768 -9.28272 3.03883
-32.768 -9.21712 3.03494
-32.768 -9.15152 3.02959
-32.768 -9.08591 3.02275
-32.768 -9.02031 3.01441
-32.768 -8.95471 3.00457
-32.768 -8.88911 2.9932
-32.768 -8.82351 2.98029
-32.768 -8.75791 2.96581
-32.768 -8.69231 2.94975
-32.768 -8.62671 2.93209
-32.768 -8.5611 2.91282
-32.768 -8.4955 2.89192
-32.768 -8.4299 2.86938
-32.768 -8.3643 2.84521
-32.768 -8.2987 2.81941
-32.768 -8.2331 2.79198
-32.768 -8.1675 2.76296
-32.768 -8.10189 2.73238
-32.768 -8.03629 2.70028
-32.768 -7.97069 2.66673
-32.768 -7.90509 2.6318
-32.768 -7.83949 2.59558
-32.768 -7.77389 2.55819
-32.768 -7.70828 2.51977
-32.768 -7.64268 2.48046
-32.768 -7.57708 2.44043
-32.768 -7.51148 2.39989
-32.768 -7.44588 2.35904
-32.768 -7.38027 2.31812
-32.768 -7.31467 2.27739
-32.768 -7.24907 2.23711
-32.768 -7.18347 2.19756
-32.768 -7.11787 2.15904
-32.768 -7.05227 2.12186
-32.768 -6.98666 2.08631
-32.768 -6.92106 2.0527
-32.768 -6.85546 2.02134
-32.768 -6.78986 1.99251
-32.768 -6.72426 1.96649
-32.768 -6.65865 1.94353
-32.768 -6.59305 1.92387
-32.768 -6.52745 1.9077
-32.768 -6.46185 1.89519
-32.768 -6.39625 1.88648
-32.768 -6.33065 1.88166
-32.768 -6.26504 1.88078
-32.768 -6.19944 1.88384
-32.768 -6.13384 1.89083
-32.768 -6.06824 1.90165
-32.768 -6.00264 1.9162
-32.768 -5.93703 1.93433
-32.768 -5.87143 1.95584
-32.768 -5.80583 1.98052
-32.768 -5.74023 2.00813
-32.768 -5.67463 2.03839
-32.768 -5.60903 2.07103
-32.768 -5.54342 2.10575
-32.768 -5.47782 2.14224
-32.768 -5.41222 2.1802
-32.768 -5.34662 2.21933
-32.768 -5.28102 2.25931
-32.768 -5.21541 2.29988
-32.768 -5.14981 2.34075
-32.768 -5.08421 2.38166
-32.768 -5.01861 2.42236
-32.768 -4.95301 2.46265
-32.768 -4.88741 2.5023
-32.768 -4.8218 2.54114
-32.768 -4.7562 2.57901
-32.768 -4.6906 2.61576
-32.768 -4.625 2.65128
-32.768 -4.5594 2.68546
-32.768 -4.49379 2.71822
-32.768 -4.42819 2.74949
-32.768 -4.36259 2.77921
-32.768 -4.29699 2.80735
-32.768 -4.23139 2.83388
-32.768 -4.16579 2.85878
-32.768 -4.10018 2.88205
-32.768 -4.03458 2.90368
-32.768 -3.96898 2.92368
-32.768 -3.90338 2.94206
-32.768 -3.83778 2.95883
-32.768 -3.77218 2.97401
-32.768 -3.70657 2.98762
-32.768 -3.64097 2.99968
-32.768 -3.57537 3.0102
-32.768 -3.50977 3.01921
-32.768 -3.44417 3.02672
-32.768 -3.37857 3.03273
-32.768 -3.31296 3.03728
-32.768 -3.24736 3.04035
-32.768 -3.18176 3.04197
-32.768 -3.11616 3.04214
-32.768 -3.05056 3.04084
-32.768 -2.98496 3.0381
-32.768 -2.91935 3.03388
-32.768 -2.85375 3.0282
-32.768 -2.78815 3.02103
-32.768 -2.72255 3.01236
-32.768 -2.65695 3.00218
-32.768 -2.59135 2.99047
-32.768 -2.52575 2.97721
-32.768 -2.46014 2.96238
-32.768 -2.39454 2.94596
-32.768 -2.32894 2.92795
-32.768 -2.26334 2.90831
-32.768 -2.19774 2.88705
-32.768 -2.13214 2.86415
-32.768 -2.06653 2.83962
-32.768 -2.00093 2.81345
-32.768 -1.93533 2.78567
-32.768 -1.86973 2.7563
-32.768 -1.80413 2.72538
-32.768 -1.73853 2.69295
-32.768 -1.67292 2.65908
-32.768 -1.60732 2.62385
-32.768 -1.54172 2.58737
-32.768 -1.47612 2.54974
-32.768 -1.41052 2.5111
-32.768 -1.34492 2.47162
-32.768 -1.27931 2.43146
-32.768 -1.21371 2.39083
-32.768 -1.14811 2.34995
-32.768 -1.08251 2.30905
-32.768 -1.01691 2.26839
-32.768 -0.951307 2.22825
-32.768 -0.885705 2.1889
-32.768 -0.820104 2.15065
-32.768 -0.754502 2.11381
-32.768 -0.688901 2.07866
-32.768 -0.623299 2.04553
-32.768 -0.557698 2.01471
-32.768 -0.492096 1.98648
-32.768 -0.426494 1.96112
-32.768 -0.360893 1.93887
-32.768 -0.295291 1.91997
-32.768 -0.22969 1.9046
-32.768 -0.164088 1.89293
-32.768 -0.0984864 1.88507
-32.768 -0.0328848 1.88112
-32.768 0.0327168 1.88112
-32.768 0.0983184 1.88506
-32.768 0.16392 1.8929
-32.768 0.229522 1.90456
-32.768 0.295123 1.91992
-32.768 0.360725 1.93882
-32.768 0.426326 1.96106
-32.768 0.491928 1.98641
-32.768 0.55753 2.01463
-32.768 0.623131 2.04545
-32.768 0.688733 2.07858
-32.768 0.754334 2.11371
-32.768 0.819936 2.15056
-32.768 0.885538 2.1888
-32.768 0.951139 2.22814
-32.768 1.01674 2.26829
-32.768 1.08234 2.30894
-32.768 1.14794 2.34984
-32.768 1.21355 2.39072
-32.768 1.27915 2.43136
-32.768 1.34475 2.47151
-32.768 1.41035 2.511
-32.768 1.47595 2.54964
-32.768 1.54155 2.58727
-32.768 1.60715 2.62376
-32.768 1.67276 2.65899
-32.768 1.73836 2.69286
-32.768 1.80396 2.72529
-32.768 1.86956 2.75622
-32.768 1.93516 2.7856
-32.768 2.00076 2.81338
-32.768 2.06637 2.83955
-32.768 2.13197 2.86409
-32.768 2.19757 2.88699
-32.768 2.26317 2.90826
-32.768 2.32877 2.9279
-32.768 2.39437 2.94592
-32.768 2.45998 2.96234
-32.768 2.52558 2.97717
-32.768 2.59118 2.99043
-32.768 2.65678 3.00215
-32.768 2.72238 3.01233
-32.768 2.78798 3.02101
-32.768 2.85359 3.02818
-32.768 2.91919 3.03387
-32.768 2.98479 3.03809
-32.768 3.05039 3.04084
-32.768 3.11599 3.04214
-32.768 3.18159 3.04198
-32.768 3.24719 3.04036
-32.768 3.3128 3.03729
-32.768 3.3784 3.03275
-32.768 3.444 3.02673
-32.768 3.5096 3.01923
-32.768 3.5752 3.01023
-32.768 3.6408 2.99971
-32.768 3.70641 2.98766
-32.768 3.77201 2.97405
-32.768 3.83761 2.95887
-32.768 3.90321 2.9421
-32.768 3.96881 2.92373
-32.768 4.03441 2.90373
-32.768 4.10002 2.8821
-32.768 4.16562 2.85884
-32.768 4.23122 2.83395
-32.768 4.29682 2.80742
-32.768 4.36242 2.77928
-32.768 4.42802 2.74956
-32.768 4.49363 2.7183
-32.768 4.55923 2.68555
-32.768 4.62483 2.65137
-32.768 4.69043 2.61586
-32.768 4.75603 2.5791
-32.768 4.82164 2.54124
-32.768 4.88724 2.5024
-32.768 4.95284 2.46275
-32.768 5.01844 2.42247
-32.768 5.08404 2.38176
-32.768 5.14964 2.34085
-32.768 5.21525 2.29999
-32.768 5.28085 2.25942
-32.768 5.34645 2.21943
-32.768 5.41205 2.1803
-32.768 5.47765 2.14234
-32.768 5.54326 2.10584
-32.768 5.60886 2.07112
-32.768 5.67446 2.03847
-32.768 5.74006 2.0082
-32.768 5.80566 1.98059
-32.768 5.87126 1.9559
-32.768 5.93687 1.93438
-32.768 6.00247 1.91624
-32.768 6.06807 1.90168
-32.768 6.13367 1.89085
-32.768 6.19927 1.88386
-32.768 6.26488 1.88078
-32.768 6.33048 1.88165
-32.768 6.39608 1.88647
-32.768 6.46168 1.89517
-32.768 6.52728 1.90766
-32.768 6.59289 1.92382
-32.768 6.65849 1.94348
-32.768 6.72409 1.96643
-32.768 6.78969 1.99244
-32.768 6.85529 2.02127
-32.768 6.92089 2.05262
-32.768 6.9865 2.08622
-32.768 7.0521 2.12176
-32.768 7.1177 2.15895
-32.768 7.1833 2.19746
-32.768 7.2489 2.23701
-32.768 7.31451 2.27729
-32.768 7.38011 2.31802
-32.768 7.44571 2.35894
-32.768 7.51131 2.39978
-32.768 7.57691 2.44033
-32.768 7.64251 2.48035
-32.768 7.70812 2.51967
-32.768 7.77372 2.5581
-32.768 7.83932 2.59549
-32.768 7.90492 2.63171
-32.768 7.97052 2.66664
-32.768 8.03613 2.7002
-32.768 8.10173 2.7323
-32.768 8.16733 2.76289
-32.768 8.23293 2.79191
-32.768 8.29853 2.81934
-32.768 8.36413 2.84515
-32.768 8.42973 2.86932
-32.768 8.49533 2.89186
-32.768 8.56094 2.91276
-32.768 8.62654 2.93204
-32.768 8.69214 2.94971
-32.768 8.75774 2.96577
-32.768 8.82334 2.98025
-32.768 8.88894 2.99317
-32.768 8.95454 3.00454
-32.768 9.02015 3.01439
-32.768 9.08575 3.02273
-32.768 9.15135 3.02957
-32.768 9.21695 3.03493
-32.768 9.28255 3.03882
-32.768 9.34815 3.04125
-32.768 9.41375 3.04223
-32.768 9.47935 3.04174
-32.768 9.54496 3.0398
-32.768 9.61056 3.0364
-32.768 9.67616 3.03154
-32.768 9.74176 3.02519
-32.768 9.80736 3.01736
-32.768 9.87296 3.00802
-32.768 9.93856 2.99716
-32.768 10.0042 2.98477
-32.768 10.0698 2.97081
-32.768 10.1354 2.95528
-32.768 10.201 2.93816
-32.768 10.2666 2.91942
-32.768 10.3322 2.89907
-32.768 10.3978 2.87708
-32.768 10.4634 2.85345
-32.768 10.529 2.82819
-32.768 10.5946 2.80131
-32.768 10.6602 2.77282
-32.768 10.7258 2.74275
-32.768 10.7914 2.71115
-32.768 10.857 2.67808
-32.768 10.9226 2.6436
-32.768 10.9882 2.6078
-32.768 11.0538 2.57079
-32.768 11.1194 2.53269
-32.768 11.185 2.49366
-32.768 11.2506 2.45385
-32.768 11.3162 2.41346
-32.768 11.3818 2.37269
-32.768 11.4474 2.33177
-32.768 11.513 2.29094
-32.768 11.5786 2.25048
-32.768 11.6442 2.21066
-32.768 11.7098 2.17176
-32.768 11.7754 2.1341
-32.768 11.841 2.09797
-32.768 11.9066 2.06368
-32.768 11.9722 2.03154
-32.768 12.0378 2.00183
-32.768 12.1034 1.97485
-32.768 12.169 1.95084
-32.768 12.2346 1.93005
-32.768 12.3002 1.9127
-32.768 12.3658 1.89895
-32.768 12.4314 1.88896
-32.768 12.497 1.88283
-32.768 12.5626 1.88063
-32.768 12.6282 1.88238
-32.768 12.6938 1.88806
-32.768 12.7594 1.89762
-32.768 12.825 1.91094
-32.768 12.8906 1.92789
-32.768 12.9562 1.94829
-32.768 13.0218 1.97194
-32.768 13.0874 1.9986
-32.768 13.153 2.02801
-32.768 13.2186 2.05989
-32.768 13.2842 2.09395
-32.768 13.3498 2.12988
-32.768 13.4154 2.16738
-32.768 13.481 2.20615
-32.768 13.5466 2.24589
-32.768 13.6122 2.28629
-32.768 13.6778 2.32709
-32.768 13.7434 2.36801
-32.768 13.809 2.40881
-32.768 13.8746 2.44926
-32.768 13.9402 2.48914
-32.768 14.0058 2.52827
-32.768 14.0714 2.56648
-32.768 14.1371 2.60362
-32.768 14.2027 2.63957
-32.768 14.2683 2.6742
-32.768 14.3339 2.70744
-32.768 14.3995 2.73921
-32.768 14.4651 2.76946
-32.768 14.5307 2.79813
-32.768 14.5963 2.8252
-32.768 14.6619 2.85065
-32.768 14.7275 2.87446
-32.768 14.7931 2.89663
-32.768 14.8587 2.91718
-32.768 14.9243 2.9361
-32.768 14.9899 2.9534
-32.768 15.0555 2.96912
-32.768 15.1211 2.98325
-32.768 15.1867 2.99583
-32.768 15.2523 3.00686
-32.768 15.3179 3.01637
-32.768 15.3835 3.02437
-32.768 15.4491 3.03089
-32.768 15.5147 3.03592
-32.768 15.5803 3.03949
-32.768 15.6459 3.04159
-32.768 15.7115 3.04224
-32.768 15.7771 3.04144
-32.768 15.8427 3.03918
-32.768 15.9083 3.03545
-32.768 15.9739 3.03026
-32.768 16.0395 3.02359
-32.768 16.1051 3.01542
-32.768 16.1707 3.00575
-32.768 16.2363 2.99455
-32.768 16.3019 2.98181
-32.768 16.3675 2.96751
-32.768 16.4331 2.95162
-32.768 16.4987 2.93414
-32.768 16.5643 2.91505
-32.768 16.6299 2.89433
-32.768 16.6955 2.87198
-32.768 16.7611 2.84799
-32.768 16.8267 2.82237
-32.768 16.8923 2.79513
-32.768 16.9579 2.76629
-32.768 17.0235 2.73588
-32.768 17.0891 2.70395
-32.768 17.1547 2.67055
-32.768 17.2203 2.63577
-32.768 17.2859 2.59969
-32.768 17.3515 2.56243
-32.768 17.4171 2.52411
-32.768 17.4827 2.48489
-32.768 17.5483 2.44494
-32.768 17.6139 2.40444
-32.768 17.6795 2.36362
-32.768 17.7451 2.3227
-32.768 17.8107 2.28193
-32.768 17.8763 2.24159
-32.768 17.9419 2.20194
-32.768 18.0075 2.16329
-32.768 18.0731 2.12595
-32.768 18.1387 2.0902
-32.768 18.2043 2.05636
-32.768 18.2699 2.02473
-32.768 18.3355 1.99561
-32.768 18.4011 1.96926
-32.768 18.4667 1.94595
-32.768 18.5323 1.9259
-32.768 18.5979 1.90933
-32.768 18.6635 1.89641
-32.768 18.7291 1.88727
-32.768 18.7947 1.88201
-32.768 18.8603 1.88068
-32.768 18.9259 1.8833
-32.768 18.9916 1.88985
-32.768 19.0572 1.90025
-32.768 19.1228 1.91439
-32.768 19.1884 1.93212
-32.768 19.254 1.95327
-32.768 19.3196 1.9776
-32.768 19.3852 2.0049
-32.768 19.4508 2.03488
-32.768 19.5164 2.06726
-32.768 19.582 2.10176
-32.768 19.6476 2.13807
-32.768 19.7132 2.17588
-32.768 19.7788 2.21489
-32.768 19.8444 2.2548
-32.768 19.91 2.29531
-32.768 19.9756 2.33616
-32.768 20.0412 2.37707
-32.768 20.1068 2.41781
-32.768 20.1724 2.45815
-32.768 20.238 2.49789
-32.768 20.3036 2.53683
-32.768 20.3692 2.57481
-32.768 20.4348 2.6117
-32.768 20.5004 2.64736
-32.768 20.566 2.6817
-32.768 20.6316 2.71462
-32.768 20.6972 2.74605
-32.768 20.7628 2.77595
-32.768 20.8284 2.80427
-32.768 20.894 2.83098
-32.768 20.9596 2.85607
-32.768 21.0252 2.87952
-32.768 21.0908 2.90133
-32.768 21.1564 2.92151
-32.768 21.222 2.94007
-32.768 21.2876 2.95702
-32.768 21.3532 2.97239
-32.768 21.4188 2.98617
-32.768 21.4844 2.9984
-32.768 21.55 3.0091
-32.768 21.6156 3.01827
-32.768 21.6812 3.02595
-32.768 21.7468 3.03213
-32.768 21.8124 3.03684
-32.768 21.878 3.04008
-32.768 21.9436 3.04186
-32.768 22.0092 3.04219
-32.768 22.0748 3.04106
-32.768 22.1404 3.03848
-32.768 22.206 3.03443
-32.768 22.2716 3.02891
-32.768 22.3372 3.02191
-32.768 22.4028 3.01341
-32.768 22.4684 3.0034
-32.768 22.534 2.99186
-32.768 22.5996 2.97877
-32.768 22.6652 2.96412
-32.768 22.7308 2.94789
-32.768 22.7964 2.93005
-32.768 22.862 2.9106
-32.768 22.9276 2.88952
-32.768 22.9932 2.8668
-32.768 23.0588 2.84245
-32.768 23.1244 2.81647
-32.768 23.19 2.78887
-32.768 23.2556 2.75968
-32.768 23.3212 2.72893
-32.768 23.3868 2.69667
-32.768 23.4524 2.66296
-32.768 23.518 2.62788
-32.768 23.5836 2.59153
-32.768 23.6492 2.55402
-32.768 23.7148 2.51549
-32.768 23.7804 2.47609
-32.768 23.8461 2.436
-32.768 23.9117 2.39541
-32.768 23.9773 2.35455
-32.768 24.0429 2.31364
-32.768 24.1085 2.27294
-32.768 24.1741 2.23273
-32.768 24.2397 2.19328
-32.768 24.3053 2.15489
-32.768 24.3709 2.11787
-32.768 24.4365 2.08252
-32.768 24.5021 2.04915
-32.768 24.5677 2.01805
-32.768 24.6333 1.98952
-32.768 24.6989 1.96382
-32.768 24.7645 1.94121
-32.768 24.8301 1.92192
-32.768 24.8957 1.90615
-32.768 24.9613 1.89405
-32.768 25.0269 1.88576
-32.768 25.0925 1.88137
-32.768 25.1581 1.88092
-32.768 25.2237 1.88442
-32.768 25.2893 1.89183
-32.768 25.3549 1.90307
-32.768 25.4205 1.91802
-32.768 25.4861 1.93652
-32.768 25.5517 1.95839
-32.768 25.6173 1.98341
-32.768 25.6829 2.01132
-32.768 25.7485 2.04186
-32.768 25.8141 2.07474
-32.768 25.8797 2.10967
-32.768 25.9453 2.14634
-32.768 26.0109 2.18444
-32.768 26.0765 2.22367
-32.768 26.1421 2.26374
-32.768 26.2077 2.30435
-32.768 26.2733 2.34523
-32.768 26.3389 2.38613
-32.768 26.4045 2.4268
-32.768 26.4701 2.46702
-32.768 26.5357 2.5066
-32.768 26.6013 2.54534
-32.768 26.6669 2.58309
-32.768 26.7325 2.61971
-32.768 26.7981 2.65509
-32.768 26.8637 2.68912
-32.768 26.9293 2.72172
-32.768 26.9949 2.75282
-32.768 27.0605 2.78237
-32.768 27.1261 2.81033
-32.768 27.1917 2.83668
-32.768 27.2573 2.86141
-32.768 27.3229 2.88449
-32.768 27.3885 2.90594
-32.768 27.4541 2.92577
-32.768 27.5197 2.94397
-32.768 27.5853 2.96057
-32.768 27.6509 2.97558
-32.768 27.7165 2.98902
-32.768 27.7821 3.00091
-32.768 27.8477 3.01126
-32.768 27.9133 3.0201
-32.768 27.9789 3.02745
-32.768 28.0445 3.0333
-32.768 28.1101 3.03768
-32.768 28.1757 3.0406
-32.768 28.2413 3.04206
-32.768 28.3069 3.04207
-32.768 28.3725 3.04062
-32.768 28.4381 3.03771
-32.768 28.5037 3.03333
-32.768 28.5693 3.02748
-32.768 28.6349 3.02015
-32.768 28.7006 3.01132
-32.768 28.7662 3.00097
-32.768 28.8318 2.98909
-32.768 28.8974 2.97566
-32.768 28.963 2.96066
-32.768 29.0286 2.94407
-32.768 29.0942 2.92588
-32.768 29.1598 2.90607
-32.768 29.2254 2.88462
-32.768 29.291 2.86155
-32.768 29.3566 2.83683
-32.768 29.4222 2.81049
-32.768 29.4878 2.78254
-32.768 29.5534 2.75299
-32.768 29.619 2.7219
-32.768 29.6846 2.68931
-32.768 29.7502 2.65529
-32.768 29.8158 2.61993
-32.768 29.8814 2.58331
-32.768 29.947 2.54556
-32.768 30.0126 2.50683
-32.768 30.0782 2.46726
-32.768 30.1438 2.42704
-32.768 30.2094 2.38637
-32.768 30.275 2.34547
-32.768 30.3406 2.30459
-32.768 30.4062 2.26397
-32.768 30.4718 2.2239
-32.768 30.5374 2.18466
-32.768 30.603 2.14656
-32.768 30.6686 2.10988
-32.768 30.7342 2.07494
-32.768 30.7998 2.04205
-32.768 30.8654 2.01149
-32.768 30.931 1.98356
-32.768 30.9966 1.95853
-32.768 31.0622 1.93664
-32.768 31.1278 1.91811
-32.768 31.1934 1.90314
-32.768 31.259 1.89188
-32.768 31.3246 1.88445
-32.768 31.3902 1.88093
-32.768 31.4558 1.88136
-32.768 31.5214 1.88573
-32.768 31.587 1.89399
-32.768 31.6526 1.90606
-32.768 31.7182 1.92182
-32.768 31.7838 1.94109
-32.768 31.8494 1.96368
-32.768 31.915 1.98936
-32.768 31.9806 2.01787
-32.768 32.0462 2.04896
-32.768 32.1118 2.08232
-32.768 32.1774 2.11766
-32.768 32.243 2.15467
-32.768 32.3086 2.19305
-32.768 32.3742 2.23249
-32.768 32.4398 2.2727
-32.768 32.5054 2.3134
-32.768 32.571 2.35431
-32.768 32.6366 2.39517
-32.768 32.7022 2.43576
-32.768 32.7678 2.47586
