-32.768 -32.768 2.47596
-32.768 -32.106 2.07929
-32.768 -31.444 1.88099
-32.768 -30.7821 2.05072
-32.768 -30.1201 2.44163
-32.768 -29.4581 2.79538
-32.768 -28.7961 2.99574
-32.768 -28.1341 3.03892
-32.768 -27.4722 2.93093
-32.768 -26.8102 2.66146
-32.768 -26.1482 2.2675
-32.768 -25.4862 1.93657
-32.768 -24.8242 1.92349
-32.768 -24.1623 2.23991
-32.768 -23.5003 2.6375
-32.768 -22.8383 2.91782
-32.768 -22.1763 3.03644
-32.768 -21.5143 3.00347
-32.768 -20.8524 2.81422
-32.768 -20.1904 2.46913
-32.768 -19.5284 2.07345
-32.768 -18.8664 1.88076
-32.768 -18.2044 2.0563
-32.768 -17.5425 2.44853
-32.768 -16.8805 2.80016
-32.768 -16.2185 2.99774
-32.768 -15.5565 3.03837
-32.768 -14.8946 2.92773
-32.768 -14.2326 2.65553
-32.768 -13.5706 2.26058
-32.768 -12.9086 1.93315
-32.768 -12.2466 1.92661
-32.768 -11.5847 2.24677
-32.768 -10.9227 2.64355
-32.768 -10.2607 2.92117
-32.768 -9.59871 3.03713
-32.768 -8.93673 3.00161
-32.768 -8.27475 2.80958
-32.768 -7.61277 2.46229
-32.768 -6.95079 2.06768
-32.768 -6.28881 1.88064
-32.768 -5.62683 2.06195
-32.768 -4.96486 2.45541
-32.768 -4.30288 2.80489
-32.768 -3.6409 2.99969
-32.768 -2.97892 3.03777
-32.768 -2.31694 2.92447
-32.768 -1.65496 2.64956
-32.768 -0.992976 2.25367
-32.768 -0.330996 1.92983
-32.768 0.330984 1.92983
-32.768 0.992964 2.25366
-32.768 1.65494 2.64956
-32.768 2.31692 2.92447
-32.768 2.9789 3.03777
-32.768 3.64088 2.9997
-32.768 4.30286 2.8049
-32.768 4.96484 2.45542
-32.768 5.62682 2.06196
-32.768 6.2888 1.88064
-32.768 6.95078 2.06767
-32.768 7.61276 2.46228
-32.768 8.27474 2.80958
-32.768 8.93672 3.00161
-32.768 9.5987 3.03713
-32.768 10.2607 2.92117
-32.768 10.9227 2.64356
-32.768 11.5846 2.24678
-32.768 12.2466 1.92661
-32.768 12.9086 1.93314
-32.768 13.5706 2.26057
-32.768 14.2326 2.65552
-32.768 14.8945 2.92772
-32.768 15.5565 3.03837
-32.768 16.2185 2.99774
-32.768 16.8805 2.80016
-32.768 17.5425 2.44854
-32.768 18.2044 2.05631
-32.768 18.8664 1.88076
-32.768 19.5284 2.07344
-32.768 20.1904 2.46913
-32.768 20.8524 2.81422
-32.768 21.5143 3.00347
-32.768 22.1763 3.03644
-32.768 22.8383 2.91782
-32.768 23.5003 2.63751
-32.768 24.1623 2.23991
-32.768 24.8242 1.9235
-32.768 25.4862 1.93656
-32.768 26.1482 2.26749
-32.768 26.8102 2.66145
-32.768 27.4722 2.93093
-32.768 28.1341 3.03892
-32.768 28.7961 2.99574
-32.768 29.4581 2.79538
-32.768 30.1201 2.44164
-32.768 30.7821 2.05072
-32.768 31.444 1.88099
-32.768 32.106 2.07928
-32.768 32.768 2.47595
